PG 0050+124 D -20.72 0.36 -22.69 0.34 1.97 0.50 10.96 0.49 -21.72 0.38 -23.42 0.33 1.70 0.50 11.13 0.49 
PG 0052+251 B -20.44 0.51 -21.77 0.48 1.33 0.70 10.31 0.63 -22.11 0.49 -23.33 0.45 1.22 0.67 10.89 0.60 
PG 0804+761 B -19.64 0.41 -20.90 0.37 1.26 0.55  9.93 0.53 -21.23 0.41 -22.67 0.36 1.44 0.55 10.72 0.52 
PG 0923+129 D -19.00 0.32 -21.16 0.32 2.16 0.45 10.43 0.47 -20.39 0.35 -22.25 0.35 1.86 0.49 10.74 0.50 
PG 0934+013 B -16.29 0.49 -18.49 0.50 2.20 0.70  9.38 0.64 -20.21 0.49 -21.77 0.55 1.56 0.74 10.41 0.67 
PG 0953+414 U -21.14 0.55 -22.09 0.59 0.95 0.81 10.27 0.72 -21.14 0.55 -22.09 0.59 0.95 0.81 10.27 0.72 
PG 1011-040 B -18.39 0.45 -20.61 0.45 2.22 0.64 10.24 0.59 -21.01 0.48 -22.76 0.52 1.75 0.71 10.89 0.65 
PG 1012+008 M -22.69 0.15 -24.40 0.07 1.71 0.17 11.53 0.32 -22.69 0.15 -24.40 0.07 1.71 0.17 11.53 0.32 
PG 1022+519 B -18.36 0.47 -20.01 0.46 1.65 0.66  9.75 0.60 -19.97 0.48 -21.67 0.46 1.70 0.66 10.43 0.61 
PG 1049-005 M -23.06 0.44 -24.06 0.63 1.00 0.77 11.08 0.71 -23.06 0.44 -24.06 0.63 1.00 0.77 11.08 0.71 
PG 1100+772 E -22.89 0.33 -23.86 0.32 0.97 0.46 10.99 0.47 -22.89 0.33 -23.86 0.32 0.97 0.46 10.99 0.47 
PG 1103-006 E -23.07 0.38 -24.29 0.34 1.22 0.51 11.27 0.50 -23.07 0.38 -24.29 0.34 1.22 0.51 11.27 0.50 
PG 1114+445 D -20.62 0.32 -22.53 0.39 1.91 0.50 10.87 0.51 -21.16 0.42 -22.94 0.34 1.78 0.54 10.98 0.51 
PG 1119+120 D -19.22 0.35 -21.09 0.36 1.87 0.50 10.28 0.50 -20.45 0.35 -22.26 0.38 1.81 0.52 10.72 0.51 
PG 1149-110 D -20.15 0.33 -22.50 0.33 2.35 0.47 11.05 0.48 -21.05 0.38 -23.02 0.39 1.97 0.54 11.09 0.53 
PG 1202+281 E -21.32 0.31 -22.93 0.32 1.61 0.45 10.90 0.47 -21.32 0.31 -22.93 0.32 1.61 0.45 10.90 0.47 
PG 1216+069 E -22.88 0.35 -23.23 0.62 0.35 0.71 10.47 0.68 -22.88 0.35 -23.23 0.62 0.35 0.71 10.47 0.68 
PG 1226+023 E -22.73 0.44 -24.24 0.69 1.51 0.82 11.38 0.76 -22.73 0.44 -24.24 0.69 1.51 0.82 11.38 0.76 
PG 1244+026 B -18.20 0.44 -18.65 0.44 0.45 0.62  8.68 0.58 -19.71 0.47 -21.26 0.46 1.55 0.66 10.20 0.60 
PG 1259+593 E -23.73 0.61 -24.90 0.54 1.17 0.81 11.49 0.71 -23.73 0.61 -24.90 0.54 1.17 0.81 11.49 0.71 
PG 1302-102 M -23.11 0.54 -24.36 0.44 1.25 0.70 11.31 0.62 -23.11 0.54 -24.36 0.44 1.25 0.70 11.31 0.62 
PG 1322+659 D -19.19 0.56 -21.12 0.33 1.93 0.65 10.32 0.56 -21.01 0.39 -22.47 0.33 1.46 0.51 10.65 0.50 
PG 1351+640 E -21.33 0.35 -22.98 0.32 1.65 0.47 10.94 0.48 -21.33 0.35 -22.98 0.32 1.65 0.47 10.94 0.48 
PG 1354+213 D -20.47 0.33 -21.67 0.36 1.20 0.49 10.21 0.50 -21.78 0.34 -23.49 0.33 1.71 0.47 11.17 0.48 
PG 1444+407 D -21.05 0.32 -22.28 0.36 1.23 0.48 10.47 0.49 -22.21 0.32 -23.39 0.34 1.18 0.47 10.89 0.48 
PG 1448+273 M -21.24 0.05 -22.48 0.05 1.24 0.07 10.56 0.31 -21.24 0.05 -22.48 0.05 1.24 0.07 10.56 0.31 
PG 1534+580 D -18.12 0.32 -20.15 0.40 2.03 0.51  9.97 0.52 -19.60 0.32 -21.42 0.34 1.82 0.47 10.39 0.48 
PG 1535+547 D -17.03 0.36 -19.38 0.53 2.35 0.64  9.80 0.62 -18.83 0.35 -20.79 0.35 1.96 0.49 10.20 0.50 
PG 1613+658 M -22.92 0.06 -24.72 0.05 1.80 0.08 11.70 0.31 -22.92 0.06 -24.72 0.05 1.80 0.08 11.70 0.31 
PG 1626+554 D -18.53 0.59 -20.43 0.35 1.90 0.69 10.03 0.59 -20.77 0.44 -22.66 0.33 1.89 0.55 10.91 0.52 
PG 1700+518 M -22.59 0.31 -23.56 0.33 0.97 0.45 10.87 0.47 -22.59 0.31 -23.56 0.33 0.97 0.45 10.87 0.47 
PG 1704+608 E -23.95 0.34 -24.60 0.37 0.65 0.50 11.14 0.51 -23.95 0.34 -24.60 0.37 0.65 0.50 11.14 0.51 
PG 2112+059 E -22.70 0.99 -23.57 0.53 0.87 1.12 10.83 0.87 -22.70 0.99 -23.57 0.53 0.87 1.12 10.83 0.87 
PG 2214+139 E -21.36 0.35 -23.24 0.32 1.88 0.47 11.14 0.48 -21.36 0.35 -23.24 0.32 1.88 0.47 11.14 0.48 
PG 2251+113 E -23.35 0.34 -24.37 0.34 1.02 0.48 11.22 0.49 -23.35 0.34 -24.37 0.34 1.02 0.48 11.22 0.49 
